0.0 0.0 0.0 0.0 0.0 0.0 0.0 0.0 0.0 0.0 0.0 0.0 0.0 0.0 0.0 0.0 
1.0 -1.0 -20.0 -1.0 100.0 -1.0 -1.0 -1.0 -1.0 -1.0 -1.0 -1.0 -1.0 -1.0 -1.0 -1.0 
2.0 -1.99 -20.99 -1.99 100.0 -1.99 -1.99 -1.99 -1.99 -1.99 -1.99 -1.99 -1.99 76.12100000000001 -1.99 -1.99 
3.0 -2.9701000000000004 38.01281200000002 -2.9701000000000004 100.0 -2.9701000000000004 -2.9701000000000004 -2.9701000000000004 -2.9701000000000004 -2.9701000000000004 -2.9701000000000004 58.89381200000002 -2.9701000000000004 83.657969 -2.9701000000000004 -2.9701000000000004 
4.0 -3.9403990000000007 49.726339936 -3.9403990000000007 100.0 49.113127592000026 45.05581930400002 -3.9403990000000007 -3.9403990000000007 -3.9403990000000007 -3.9403990000000007 70.793558936 28.518067304000013 90.245407319 -3.9403990000000007 -3.9403990000000007 
5.0 20.806110302768015 61.25946988192 -4.900995010000001 100.0 59.601306829976 59.138925287408 20.806110302768015 -4.900995010000001 -4.900995010000001 40.33078621496002 82.34512456291999 37.603062227312 92.057202978245 41.96802366296002 -4.900995010000001 
6.0 27.81122827205111 64.87452165324774 32.51658909623237 100.0 74.43686051477576 74.22692659991907 30.356231698015144 -5.851985059900001 35.746224070355375 49.44173966385488 85.96200146666675 53.570052901735714 93.37835061315633 55.893392546427805 17.053045773776304 
7.0 46.33487575030555 67.74748052025413 40.33182289177603 100.0 79.03792866736794 79.96381675708841 46.12100036788204 29.95080526331836 51.701175306457635 66.79630494793943 88.83514102178262 58.28062031419734 93.867034354374 70.69042092019505 27.483698635364906 
8.0 51.871987920031245 68.8744467182388 59.4549559391168 100.0 83.0627839318563 84.2722012193029 52.445116490165745 46.9053110300688 66.71806391397979 72.48623727100025 89.96212510789012 63.8348177983076 94.19983697258819 77.15444948078276 42.98408679556344 
9.0 59.698640926992965 69.64805671664928 66.1880525146921 100.0 84.70686380915211 86.23124150475746 59.004666821546806 62.37037304982137 73.88754980609296 77.71046016354664 90.73573687722475 68.36299694782093 94.34435408539187 81.60508947353917 49.92728365705515 
10.0 64.63891186367717 70.0018655676847 72.63151683323356 100.0 85.83676507959068 87.47850037361337 63.92775668005578 70.24622357731246 78.63943385003734 80.17064026548594 91.08954590358167 73.35200751624954 94.43524866940209 83.76002664675435 57.06558671156002 
11.0 70.18526235053372 70.22074138024671 75.84877549892283 100.0 86.36534768486615 88.09553453065308 69.07313094863962 75.42732790987364 81.06013844166627 82.02987063829822 91.30842173350051 75.8245840559697 94.47927430947159 85.07305467680995 62.17235919180228 
12.0 73.52720498939073 70.32960807054766 78.38330398131251 100.0 86.69035582258103 88.45996034447124 72.04637409623176 78.17596388327053 82.52377020294996 82.93294289367995 91.41728842551979 77.86785191487945 94.50530155328212 85.74406518208318 67.58003130552646 
13.0 76.06768738672227 70.39317525561918 79.70150449018799 100.0 86.85378608502212 88.64869096014057 74.4943528513586 79.85819351933009 83.28951422077624 83.53753240114929 91.48085561076144 78.92471526472843 94.51865605275914 86.13129627228298 71.05656048637152 
14.0 77.46783941872252 70.42622476650872 80.59838787140943 100.0 86.94876032498537 88.756056379733 75.91791491010021 80.76170536579707 83.73186426321875 83.84740729840249 91.51390512166782 79.66135106330205 94.52627129952944 86.33528639380454 73.65514883071933 
15.0 78.3897130518767 70.44493039328525 81.07187151400221 100.0 86.99840246123195 88.81305579094114 76.89952335247636 81.2902857269527 83.9678947084937 84.03934649471398 91.53261074844599 80.04865893467267 94.53029711053779 86.44991727790874 75.16226212996936 
16.0 78.89432106575815 70.45488526414314 81.3674823029176 100.0 87.02641763221742 88.84486204658535 77.45265463902288 81.57642617598155 84.10105136322127 84.14037355996918 91.54256561930403 80.29379212488452 94.53254752287847 86.51132384060031 76.13876949984848 
17.0 79.20266918978436 70.46042662485945 81.52577983642782 100.0 87.0413666718584 88.86197437332017 77.79823435265679 81.73947961908227 84.1728695491513 84.20001227003867 91.54810698002038 80.42474728615582 94.53375584591514 86.54536714670456 76.68985327382872 
18.0 79.37153186156893 70.46341216633985 81.61968244994843 100.0 87.04967431156098 88.87142753865858 77.99072052565748 81.82817336902333 84.21284608028982 84.23192647080727 91.55109252150079 80.50305620352037 94.53442406460668 86.5637703517073 77.02283467333129 
19.0 79.470372718803 70.46505942048067 81.67045658270798 100.0 87.05415634631531 88.87654986817486 78.10476247788803 81.87791182166774 84.2345386011108 84.2502163808535 91.55273977564161 80.54534522364233 94.53478578686371 86.57390163228115 77.20859519906249 
20.0 79.52455768980683 70.46595270410886 81.6996515431426 100.0 87.05662704653159 88.87936460085331 78.16793582714284 81.90504304411294 84.24652083598114 84.2601003249323 91.5536330592698 80.56977915542507 94.5349846755271 86.57940523547555 77.31655760331007 
21.0 79.5554633698469 70.46644325833088 81.71552993000444 100.0 87.05796781896055 88.88089559673824 78.2042299407115 81.92010926623536 84.25304444142706 84.26566232000224 91.55412361349181 80.58305998634404 94.53509280058395 86.58242395979454 77.37641453994185 
22.0 79.57241351682643 70.46671019471435 81.72448624841392 100.0 87.05870375647993 88.88173453798227 78.22426731276917 81.92833947803798 84.2566317455388 84.2686848509661 91.55439054987528 80.59057331363138 94.53515206983256 86.58406809871344 77.41041079250344 
23.0 79.58192880495915 70.46685642047562 81.72937294845674 100.0 87.05910436655057 88.8821917765341 78.23556719681805 81.93288208938549 84.25858827723502 84.27036667598995 91.55453677563655 80.59467164940769 94.53518436419014 86.5849681677461 77.42918463774853 
24.0 79.58714682016006 70.4669361343542 81.73209668592418 100.0 87.0593237605381 88.88244196078789 78.24179037795298 81.93536516431651 84.25966132922419 84.27128339104569 91.55461648951513 80.5969601447021 94.53520203768191 86.58545906791038 77.43969804514974 
25.0 79.59004716477331 70.46697974343842 81.73358513217136 100.0 87.05944338472018 88.88257846153711 78.24525978849124 81.93673049591938 84.26024710909175 84.27178994426488 91.55466009859934 80.59821065820509 94.53521167903158 86.5857275329604 77.44548763545393 
26.0 79.59163694915459 70.46700353948071 81.73440862426636 100.0 87.05950881845416 88.88265309154593 78.247166836269 81.93747695758165 84.26056787438694 84.27206647966078 91.55468389464166 80.59890329977077 94.53521695082453 86.58587406238779 77.44870134947104 
27.0 79.59251511506257 70.46701654848859 81.73485892865823 100.0 87.05954452714118 88.88269383279564 78.24822236380673 81.93788642911741 84.26074305846184 84.27221863045732 91.55469690364951 80.59928206026623 94.53521982854022 86.58595415370773 77.4504674141187 
28.0 79.59299619185487 70.46702365069122 81.73510690819602 100.0 87.05956404720784 88.88271609835424 78.24880167974548 81.93811029272156 84.26083889693953 84.2723017522499 91.55470400585214 80.59949079001376 94.53522140132586 86.58599788497818 77.45144225914417 
29.0 79.59326088249624 70.46702753194208 81.73524252975498 100.0 87.05957470466618 88.88272825698482 78.24912085564098 81.93823290926696 84.26089124917249 84.27234736439699 91.55470788710302 80.59960495219399 94.5352222601497 86.58602178118298 77.45197713389912 
30.0 79.59340580120029 70.46702965146278 81.73531699798698 100.0 87.05958052858497 88.8827349003642 78.2492958231021 81.93829993780778 84.26091987344032 84.2723722900309 91.55471000662371 80.59966766563181 94.53522272941709 86.58603483163105 77.45227131990148 
31.0 79.59348533562208 70.46703080952307 81.73535772186628 100.0 87.05958370907227 88.88273852871352 78.24939193833775 81.93833661640842 84.26093551083545 84.27238594500744 91.554711164684 80.59970196351811 94.53522298570711 86.58604196174983 77.45243254170798 
